chr12	122064647	122079549	NP_116179	1000	+	122064647	122079549	0	3	127,176,603	0,133,14299
chr16	89805008	89883024	NP_000126	1000	-	89805008	89883024	0	43	108,93,157,76,106,63,139,113,105,60,109,173,85,129,74,177,97,188,94,71,137,114,74,50,61,89,60,96,111,134,142,77,113,67,34,83,113,74,96,143,94,110,79	0,281,532,877,1393,2203,4199,6358,7983,8230,10058,11129,13537,19976,23348,26289,28540,31236,31565,31963,33077,34670,37141,40200,40342,41268,44258,44406,46253,52802,53326,53870,57305,60565,61004,64658,66679,69693,72106,72328,75919,77276,77936
chr12	9980140	9997125	NP_057607	1000	+	9980140	9997125	0	7	85,99,150,38,102,113,109	0,4771,5758,14267,14308,14779,16876
chr16	89805105	89883024	NP_001273096	1000	-	89805105	89883024	0	43	11,93,161,76,106,63,139,113,105,60,109,173,85,129,74,177,97,188,94,71,137,114,74,50,61,89,60,96,111,134,142,77,113,67,34,83,113,74,96,143,94,110,79	0,184,431,780,1296,2106,4102,6261,7886,8133,9961,11032,13440,19879,23251,26192,28443,31139,31468,31866,32980,34573,37044,40103,40245,41171,44161,44309,46156,52705,53229,53773,57208,60468,60907,64561,66582,69596,72009,72231,75822,77179,77839
chr6	87865307	87971519	NP_055836	1000	+	87865307	87971519	0	8	168,155,79,136,203,137,142,7152	2,60313,60709,63006,77735,87885,89913,99060
chr14	100847259	100996378	NP_001154948	1000	+	100847259	100996378	0	6	822,148,131,171,141,222	2,87098,103071,144947,148145,148897
chr12	103232952	103310909	NP_000268	1000	-	103232952	103310909	0	13	44,116,134,96,57,70,136,197,68,89,184,108,60	0,1225,4471,5161,7720,12512,13640,15961,27421,38287,55560,73616,77896
chr16	89865572	89883024	NP_001018122	1000	-	89865572	89883024	0	10	68,34,83,113,74,96,143,94,110,79	0,440,4094,6115,9129,11542,11764,15355,16712,17372
chr12	9980140	9997125	NP_001278751	1000	+	9980140	9997125	0	6	85,99,38,102,113,109	0,4771,14267,14308,14779,16876
chr19	53611629	53625931	NP_001157781	1000	-	53611629	53625931	0	3	1532,121,15	0,7936,14285
chr19	53611629	53625673	NP_001129510	1000	-	53611629	53625673	0	3	1532,121,15	0,7936,14027
chr20	31035398	31062514	NP_542183	1000	-	31035398	31062514	0	7	221,202,123,192,186,278,109	0,4640,5288,5708,5980,8522,27005
chr4	177605076	177713465	NP_005420	1000	-	177605076	177713465	0	8	5,110,334,107,152,191,214,147	0,8,3264,3898,27576,43855,45610,108242
chr9	135139625	135224816	NP_055861	1000	-	135139625	135224816	0	24	747,88,99,165,93,188,108,150,72,116,102,157,168,233,174,100,4176,88,172,120,220,110,211,177	0,5376,7471,11017,12821,13831,17228,19025,22184,23997,24311,31633,32648,33841,36391,47518,62085,66813,67038,70369,72057,78451,82022,85013
chr1	206224438	206231142	NP_000698	1000	+	206224438	206231142	0	2	940,335	2,6369
chr1	9770512	9787104	NP_005017	1000	+	9770512	9787104	0	22	141,229,230,180,150,90,222,97,131,51,168,122,144,100,179,113,79,168,124,146,133,138	1,5086,5394,5985,6504,7082,8239,9466,9657,10156,10287,10672,10989,11306,11520,11789,12073,12670,13514,13821,14349,16454
chr4	140640476	141074481	NP_061187	1000	-	140640476	141074481	0	7	1001,85,15,234,555,1044,468	0,6428,11093,11111,170034,170601,433537
chr2	95843320	95847854	NP_001017396	1000	+	95843320	95847854	0	4	34,114,193,811	0,2583,3527,3723
chr2	95841971	95847854	NP_001269327	1000	+	95841971	95847854	0	4	33,127,193,811	0,1256,4876,5072
chr2	95841971	95847854	NP_066574	1000	+	95841971	95847854	0	5	33,127,114,193,811	0,1256,3932,4876,5072
chr10	116853509	116931106	NP_001263211	1000	+	116853509	116931106	0	9	293,84,114,129,209,175,88,303,6	0,26439,27953,33847,35579,66291,71808,77285,77588
chr16	11367140	11367452	NP_067070	1000	-	11367140	11367452	0	1	309	3
chr2	95843320	95847854	NP_001278533	1000	+	95843320	95847854	0	3	34,193,811	0,3527,3723
chr2	95841971	95847854	NP_001278534	1000	+	95841971	95847854	0	5	33,127,114,232,811	0,1256,3932,4837,5072
chr22	23487550	23503751	NP_004905	1000	+	23487550	23503751	0	11	186,81,92,66,102,65,52,82,91,120,65	2,1241,4699,7097,7669,10604,12628,13534,13799,15515,16136
chr2	180307976	180634482	NP_689733	1000	-	180307976	180634482	0	8	219,102,179,246,163,111,143,253	0,1626,2300,3275,40022,75278,101577,326253
chr20	278227	279442	NP_149080	1000	+	278227	279442	0	2	460,752	0,463
